0 13 0 0 0 0 15 0 0 7 0 3 2 0 14 0
16 0 0 0 10 6 0 2 11 0 5 12 8 0 0 15
0 0 0 0 7 0 0 0 0 0 0 13 0 0 0 0
5 11 0 0 0 0 0 0 0 0 0 0 0 0 10 0
0 9 12 0 0 0 13 0 0 3 0 0 0 5 6 10
0 15 0 0 0 14 11 0 0 10 16 0 0 0 12 0
13 0 0 0 2 7 0 0 0 0 8 0 0 0 0 0
0 2 0 0 0 0 0 0 0 0 0 0 0 0 0 0
0 6 0 0 0 0 0 0 0 0 0 0 0 0 5 0
12 0 0 0 16 8 0 0 0 0 0 15 0 0 0 14
0 10 0 0 0 0 12 0 0 11 6 0 0 0 7 0
2 3 15 0 0 0 0 0 0 14 0 0 0 0 13 0
6 12 0 0 0 0 0 0 0 0 0 0 0 0 0 5
0 0 0 0 0 0 0 0 0 0 0 16 0 0 0 0
0 0 0 8 15 9 0 3 0 0 13 7 11 0 0 16
0 14 0 2 5 0 0 0 0 15 0 10 3 0 0 0